imp	exp	"SITC0_1"	"SITC0_2"	"SITC0_3"	"SITC0_4"	"SITC0_5"	"SITC0_6"	"SITC0_7"	"SITC0_8"	"SITC0_9"	"SITC0_10"	"SITC0_11"	"SITC0_12"	"SITC0_13"	"SITC0_14"	"SITC0_15"	"SITC0_16"	"SITC0_17"	"SITC0_18"	"SITC0_19"	"SITC0_20"	"SITC0_21"	"SITC0_22"	"SITC0_23"	"SITC0_24"	"SITC0_25"	"SITC0_26"	"SITC0_27"	"SITC0_28"	"SITC0_29"	"SITC0_30"	"SITC0_31"	"SITC0_32"	"SITC0_33"	"SITC0_34"	"SITC0_35"	"SITC0_36"	"SITC0_37"	"SITC0_38"	"SITC0_39"	"SITC0_40"	"SITC0_1"	"SITC0_2"	"SITC0_3"	"SITC0_4"	"SITC0_5"	"SITC0_6"	"SITC0_7"	"SITC0_8"	"SITC0_9"	"SITC0_10"	"SITC0_11"	"SITC0_12"	"SITC0_13"	"SITC0_14"	"SITC0_15"	"SITC0_16"	"SITC0_17"	"SITC0_18"	"SITC0_19"	"SITC0_20"	"SITC0_21"	"SITC0_22"	"SITC0_23"	"SITC0_24"	"SITC0_25"	"SITC0_26"	"SITC0_27"	"SITC0_28"	"SITC0_29"	"SITC0_30"	"SITC0_31"	"SITC0_32"	"SITC0_33"	"SITC0_34"	"SITC0_35"	"SITC0_36"	"SITC0_37"	"SITC0_38"	"SITC0_39"	"SITC0_40"
1	3	0	0.126121	0	0.126468	0	0.102161	0	0	0	0	0	0	0	0.0594575	0	0.0758156	0.124014	0	0.00541904	0	0	0	0	0.0807701	0	0	0	0	0.0844215	0	0	0	0.054652	0.122766	0	0	0.00367715	0	0.0342582	0	0	0.0980391	0	0.09834	0	0.0794184	0	0.010629	0	0	0	0.0711823	0	0.046228	0.0561566	0	0	0	0	0	0	0.0953636	0	0	0.0392093	0.0354658	0	0.0650782	0.0656195	0	0	0.0665165	0.0425132	0	0	0.0947135	0	0.0355271	0	0
1	5	0.0560454	0.0996149	0.0952786	0.0999284	0.0318008	0	0	0.0107663	0	0.053672	0.0608778	0	0	0.0469587	0	0.0598693	0	0	0	0	0.00176696	0	0.0785937	0.0637924	0.0398459	0.0360497	0.0345666	0	0	0	0.091568	0	0	0	0	0	0.00290392	0.0361008	0	0	0	0.0837304	0.08008	0	0.0267163	0.0678115	0	0.00909229	0.00771987	0	0.0511713	0.0608284	0	0.0394722	0.0479675	0	0.0823331	0.0153673	0	0	0.00148158	0	0	0	0	0.0302733	0.029058	0.0555705	0.0560441	0	0.0769599	0.0568188	0	0.0814972	0.0400065	0	0	0	0	0
8	1	0	0.113015	0.10806	0.113375	0	0.0915385	0	0.0122384	0	0	0	0	0	0	0	0	0	0	0.00482523	0	0	0.109951	0.0891746	0	0.0452207	0.0408985	0	0.0749874	0	0	0.103871	0	0	0	0	0	0	0	0	0.0928446	0	0	0	0	0	0	0	0	0	0	0	0	0	0.118337	0	0	0	0	0	0	0	0	0	0	0	0.0908634	0	0	0.168112	0.260106	0	0	0	0	0.119995	0.242586	0	0	0	0
9	1	0	0.134068	0	0	0	0	0	0	0	0	0.0819264	0	0	0.0632275	0	0	0	0.0245926	0	0	0	0.130455	0	0	0.0536381	0	0	0	0	0	0.123216	0.0909532	0.0581295	0	0	0.129578	0	0	0	0.110216	0	0	0.13299	0	0.0443312	0.112553	0.0280003	0	0.01282	0	0	0.100985	0	0	0	0	0	0.0254584	0.00597665	0	0	0.135205	0	0	0	0	0	0	0	0	0	0.0943158	0	0.135305	0	0.134315	0	0	0.0377456	0
1	10	0	0	0	0.135165	0	0.109189	0	0	0	0	0.0823648	0.0978956	0.0359741	0.0635337	0	0	0.132574	0	0	0	0.00238859	0	0	0	0	0	0	0	0	0	0	0	0.0584327	0.131159	0	0	0.00392284	0	0.0366292	0.11077	0	0	0.119658	0	0.0398854	0	0.0251542	0	0	0.0673702	0.0764312	0	0	0.058997	0	0	0.122996	0	0	0	0	0	0	0	0.0500886	0	0	0.0830115	0	0.129619	0	0	0	0.121697	0.0597829	0	0	0.0453091	0	0
2	8	0	0	0	0	0.0493642	0	0.0311524	0	0	0	0.0946315	0.11251	0.0413231	0.0730294	0	0.0931078	0	0	0	0	0	0	0	0.099177	0	0	0.0537469	0	0	0	0	0	0	0.150689	0.073991	0	0	0	0	0.127278	0.0924764	0.164434	0	0	0	0	0	0	0	0.0886115	0	0.119462	0	0.0776099	0	0	0	0.0301549	0	0	0	0	0	0	0	0	0	0.109115	0	0	0	0.111619	0.0713611	0	0	0	0	0	0	0.135157
4	3	0	0	0	0	0	0.129493	0.0322167	0.0173562	0	0	0.0976683	0	0.04266	0.0753754	0	0	0.157222	0	0	0	0	0	0	0	0.0639171	0	0	0	0	0	0	0	0.0693352	0.155586	0	0.154483	0.00468756	0	0	0	0	0	0.122542	0	0.0408445	0	0	0	0	0	0	0.0930517	0	0.0603857	0.0733481	0	0	0	0	0	0.00227021	0	0	0.0820377	0.0512214	0.0463554	0	0	0.0857453	0	0.117715	0	0	0.124665	0.0612315	0	0.00374791	0	0.0348382	0
5	3	0	0	0	0.161404	0.0513417	0	0	0	0	0.0867186	0.0983327	0	0	0	0	0	0.158223	0	0	0	0	0	0	0	0.0643357	0	0.0558356	0	0	0	0.14788	0	0	0	0	0	0	0	0.0437368	0.132192	0.063068	0.112172	0	0	0.0357779	0	0.0225746	0	0	0	0	0.0814966	0	0	0.0642552	0	0.110329	0	0	0	0.00200759	0	0	0	0.0448788	0.0405833	0	0	0	0.116282	0.103094	0	0	0.109233	0.0536144	0	0	0.0406338	0	0
6	3	0	0.114423	0	0.114836	0	0.0926967	0	0	0	0.061681	0	0.0831509	0.0305626	0.0539588	0	0.0687701	0	0	0.00488683	0	0	0	0	0	0	0	0	0	0.0766143	0.118597	0	0	0	0	0.0546888	0	0	0	0.0310809	0.0940528	0	0.135701	0	0	0	0	0	0.0147425	0	0	0	0.098614	0.0362432	0.064017	0	0	0	0	0	0	0.00240899	0	0	0	0.0542897	0	0	0.0901458	0	0.140711	0	0	0.0588598	0.13215	0	0.131212	0.00402989	0	0.0368755	0
3	7	0	0	0.084748	0.0888463	0	0.071755	0	0	0	0.0477205	0	0.0643404	0	0.0417856	0	0.0532444	0.0871215	0.0162584	0.00379125	0	0	0	0	0	0.0354392	0	0	0.0587695	0.059301	0	0	0	0	0.0862021	0.0423184	0.0856041	0	0	0	0.0727545	0.115443	0.205205	0	0	0	0	0	0	0	0.110563	0	0.149069	0	0	0.11756	0	0	0	0.00879196	0	0	0	0.161934	0.131434	0	0	0	0	0	0	0	0	0	0	0	0	0	0	0	0
4	7	0	0.112322	0	0.112668	0	0	0	0	0	0	0.0686278	0.0815781	0	0	0	0	0.110472	0	0	0	0.00201182	0	0	0	0.04494	0.0406235	0	0	0.0751555	0	0.103215	0	0	0.109341	0	0.108559	0	0	0.030486	0	0	0	0.0943597	0	0	0.0799345	0	0	0	0.0531755	0.0603019	0.0716734	0	0.0465372	0.0565105	0.0592866	0	0	0.00422288	0.0104373	0	0	0	0	0	0	0.0342533	0	0.0660646	0.102258	0	0	0.0427809	0.0960436	0	0.0953565	0	0	0.0268039	0
10	4	0	0	0	0	0	0	0	0	0	0.0945499	0	0.127436	0	0	0	0.10545	0.172533	0	0.007487	0	0.00314757	0.17068	0	0	0.0701878	0.0634791	0.0608799	0	0	0	0	0.11908	0	0	0	0	0.00508936	0	0	0	0	0.138171	0	0	0.044087	0	0	0	0.0127363	0	0.0844704	0	0.0368883	0	0.0791405	0	0	0	0	0	0	0.134422	0	0.0885277	0	0.0499678	0	0	0	0	0.12698	0	0	0.134538	0.0660395	0	0.00403188	0	0	0
6	5	0.118097	0	0	0	0	0.170126	0	0	0.0193576	0	0	0	0.0560599	0	0	0	0	0	0.00900635	0	0.00371498	0	0	0	0.0840197	0	0.0729055	0	0.140633	0	0.193015	0	0	0	0	0	0	0.0760713	0.0569938	0	0	0	0.144453	0	0	0.122292	0	0.0163455	0.0139155	0	0.0922692	0	0	0.0711773	0	0	0	0.0276823	0	0	0	0	0	0.0966846	0	0	0.0524233	0	0	0	0	0	0.0654561	0.146985	0	0.145901	0.00441556	0	0	0
7	5	0	0	0.138141	0.144862	0	0	0.0290768	0	0.0133429	0	0	0	0.0385468	0	0	0	0	0.0264396	0	0	0	0	0	0	0	0	0	0.0958654	0	0	0	0	0.0626187	0.140603	0	0.139557	0	0.0523183	0	0.118629	0.097463	0	0	0	0	0	0.0348847	0	0	0	0	0.125916	0	0.0817278	0.0992766	0	0	0	0	0.018329	0	0.168652	0	0	0	0	0	0	0	0	0	0	0.0751389	0.168712	0.0828037	0	0	0	0.0470962	0
7	6	0	0	0.148495	0.155705	0	0	0	0.016841	0	0	0.0948464	0.112749	0	0.0731956	0	0.0933788	0	0	0	0	0.00277574	0	0	0	0	0	0	0.103051	0	0	0.142705	0	0	0	0	0	0	0.0562587	0	0	0	0.168046	0.160762	0	0	0	0	0.018253	0.0155106	0	0	0	0.0448493	0.0792827	0	0	0	0	0	0.0178043	0	0	0	0.107619	0.0672486	0	0	0	0.11251	0	0	0	0	0	0	0.162454	0	0	0.0456609	0
7	8	0	0	0.0827617	0.0867595	0.0276056	0.0700773	0	0	0	0.0466143	0	0.0628535	0.0231078	0	0.0495427	0.0519942	0	0.0158582	0.00370929	0	0	0.0841504	0	0	0.0345992	0	0	0.0574136	0	0	0.0794948	0	0.037513	0	0	0.0835616	0	0.0313244	0	0.0710591	0	0	0.131687	0	0	0	0	0	0	0.0742169	0.0841339	0.100016	0	0	0.0788751	0.0827706	0	0	0.00589517	0	0	0	0	0	0.055082	0.049812	0	0	0	0	0	0	0	0	0	0.133086	0.00400096	0.0498922	0.037384	0.113148
7	9	0	0	0	0.160231	0	0	0	0	0	0	0	0	0	0	0.0914712	0.0960216	0.157129	0	0	0	0	0	0	0	0	0	0	0	0	0.165574	0	0	0.0692306	0	0	0.154357	0.0046544	0.0579217	0.0434098	0	0	0.105286	0.100762	0.10561	0.0336145	0	0.0212007	0	0	0.0567418	0	0	0.0280973	0.04965	0.0603054	0.0633074	0	0.0193276	0	0.0111607	0	0	0	0	0.0421427	0	0	0.0698951	0	0	0	0	0	0.102508	0	0.101788	0	0	0.0286021	0
10	7	0	0.140523	0	0	0	0	0	0	0	0	0	0	0	0	0.0804887	0.0844898	0.138263	0	0	0	0	0	0	0.0900199	0.0562576	0	0	0	0.0940875	0	0	0	0.0609745	0.136816	0.0671746	0	0	0.0509054	0	0	0.0760438	0.135195	0	0	0.043142	0	0	0	0	0.0728373	0	0	0.036063	0	0	0	0.132955	0	0.00578928	0.0143042	0.00238551	0.131531	0	0	0.0540728	0.0488925	0	0	0.0905255	0	0	0.091716	0	0	0.064547	0	0	0	0	0
8	10	0	0	0	0.12943	0.0411689	0	0	0.013956	0	0.0695428	0	0.0937523	0	0.0608663	0	0	0	0	0	0	0	0	0	0	0	0.0466737	0	0.0856654	0	0	0	0	0.0559107	0.1256	0	0.124687	0	0.0467537	0	0.105994	0	0	0	0	0.0459444	0	0.0289646	0	0	0	0.0880279	0.104601	0.0384411	0	0	0	0	0.0263782	0.00612902	0.0152891	0	0.140099	0	0	0.057602	0	0.0499957	0.0955624	0	0.149223	0	0	0.062444	0	0	0	0	0.0521472	0.0391517	0
