imp	exp	"SITC0_1"	"SITC0_2"	"SITC0_3"	"SITC0_4"	"SITC0_5"	"SITC0_6"	"SITC0_7"	"SITC0_8"	"SITC0_9"	"SITC0_10"	"SITC0_11"	"SITC0_12"	"SITC0_13"	"SITC0_14"	"SITC0_15"	"SITC0_16"	"SITC0_17"	"SITC0_18"	"SITC0_19"	"SITC0_20"	"SITC0_21"	"SITC0_22"	"SITC0_23"	"SITC0_24"	"SITC0_25"	"SITC0_26"	"SITC0_27"	"SITC0_28"	"SITC0_29"	"SITC0_30"	"SITC0_31"	"SITC0_32"	"SITC0_33"	"SITC0_34"	"SITC0_35"	"SITC0_36"	"SITC0_37"	"SITC0_38"	"SITC0_39"	"SITC0_40"	"SITC0_1"	"SITC0_2"	"SITC0_3"	"SITC0_4"	"SITC0_5"	"SITC0_6"	"SITC0_7"	"SITC0_8"	"SITC0_9"	"SITC0_10"	"SITC0_11"	"SITC0_12"	"SITC0_13"	"SITC0_14"	"SITC0_15"	"SITC0_16"	"SITC0_17"	"SITC0_18"	"SITC0_19"	"SITC0_20"	"SITC0_21"	"SITC0_22"	"SITC0_23"	"SITC0_24"	"SITC0_25"	"SITC0_26"	"SITC0_27"	"SITC0_28"	"SITC0_29"	"SITC0_30"	"SITC0_31"	"SITC0_32"	"SITC0_33"	"SITC0_34"	"SITC0_35"	"SITC0_36"	"SITC0_37"	"SITC0_38"	"SITC0_39"	"SITC0_40"
2	1	0	0	0	0	0.22889	0.147046	0	0	0	0	0	0	0.168141	0	0	0	0	0	0.267419	0	0	0	0	0.188504	0	0	0	0	0	0	0	0	0	0	0	0	0	0	0	0	0	0	0	0	0	0.179317	0	0	0	0	0	0	0	0	0	0	0	0	0	0	0	0	0.319629	0	0	0	0	0	0	0	0	0	0	0	0	0	0.308334	0	0	0.192719
4	1	0	0	0	0	0	0	0	0	0	0	0	0.0933973	0	0	0	0	0	0.54566	0	0	0	0	0	0	0	0	0	0	0	0	0	0.190394	0	0.170549	0	0	0	0	0	0	0	0	0	0	0	0	0.438351	0	0	0	0	0	0	0	0.0612622	0.333667	0	0	0	0	0	0	0	0	0	0	0	0	0	0	0	0.16672	0	0	0	0	0	0	0	0
7	1	0	0	0	0	0	0	0.18488	0	0	0	0	0	0	0	0.088913	0	0	0	0	0.258199	0	0.188506	0	0	0	0	0	0	0	0	0	0	0.156879	0	0.122623	0	0	0	0	0	0	0	0	0	0	0	0	0	0	0	0	0	0	0	0	0	0	0	0	0.443281	0	0	0	0	0	0	0	0	0	0	0	0	0	0	0	0	0.556719	0	0	0
3	2	0.386005	0	0	0	0	0	0.504147	0	0	0	0	0	0	0	0	0	0	0	0	0	0	0	0	0	0	0	0	0	0	0	0	0	0	0.109848	0	0	0	0	0	0	0	0	0	0	0	0	0	0	0	0	0.24524	0	0	0	0	0.270039	0	0	0	0.484721	0	0	0	0	0	0	0	0	0	0	0	0	0	0	0	0	0	0	0	0
6	2	0	0	0	0	0	0	0	0	0	0	0	0	0	0	0	0	0	0.392914	0	0	0	0	0	0.441719	0	0	0	0	0	0	0	0	0	0	0	0.165367	0	0	0	0	0	0	0	0	0	0	0	0	0	0	0	0	0	0	0	0	0	0.376024	0	0	0	0	0	0	0	0	0.308594	0	0	0	0	0	0.315382	0	0	0	0	0	0	0
7	2	0	0.0873253	0	0	0.19701	0	0	0.105782	0	0	0.158515	0.0385226	0	0	0	0	0	0	0	0	0	0	0.139628	0	0	0	0	0	0	0	0	0	0.0797901	0	0	0.0229143	0.170513	0	0	0	0	0	0	0	0	0	0	0	0	0	0	0	0	0	0	0	0	0	0	0.813919	0	0	0	0	0	0	0	0	0	0	0	0	0	0.186081	0	0	0	0	0	0
2	10	0	0	0	0	0	0	0	0	0	0	0.21734	0	0	0	0	0	0	0	0	0	0	0	0.35539	0	0.0471999	0	0	0	0	0	0	0	0	0.0625996	0	0	0.317471	0	0	0	0	0	0	0	0	0	0	0	0	0	0	0	0	0	0	0	0	0	0	0	0	0	0.274394	0.265055	0.0875625	0	0	0	0	0	0	0	0	0	0	0	0	0	0.249229	0.12376
4	3	0	0	0	0	0	0.169798	0	0	0	0	0.270272	0	0	0	0	0	0	0	0	0	0	0	0.481731	0	0	0	0	0	0	0	0	0.0781992	0	0	0	0	0	0	0	0	0	0	0	0	0	0	0	0	0.617204	0	0	0	0	0	0	0	0	0	0	0	0	0	0	0	0	0	0	0	0	0	0	0.382796	0	0	0	0	0	0	0	0
8	3	0	0	0	0	0	0.44781	0	0	0	0	0	0	0	0	0.241936	0	0	0	0	0	0	0	0	0	0	0	0	0	0	0	0	0.310254	0	0	0	0	0	0	0	0	0	0	0	0	0	0	0	0	0	0	0	0	0	0	0	0	0	0	0	0	0	0	0	0	0	0	0	0	0	0	0	0	0	0	1	0	0	0	0	0
4	5	0.355388	0	0	0	0	0	0	0	0	0	0.562857	0	0	0	0	0	0	0	0	0	0	0	0	0	0	0	0	0	0	0	0	0	0	0.0817548	0	0	0	0	0	0	0	0	0	0	0.156428	0	0	0	0	0	0	0	0	0	0.070952	0	0	0	0	0.193658	0	0	0.206248	0.21728	0	0	0	0	0	0	0	0	0	0	0	0.0964289	0	0	0	0.059005
4	8	0	0	0	0	0	0	0	0.184427	0	0	0.178931	0	0	0	0	0	0	0.247537	0.283516	0	0	0	0	0	0	0	0	0.0728576	0	0	0	0	0	0.0327321	0	0	0	0	0	0	0	0.160505	0	0	0	0	0	0.255594	0	0	0	0	0	0	0	0	0	0	0.320339	0	0	0	0	0	0.103214	0	0	0	0	0	0	0.104879	0	0	0	0	0	0.0554691	0	0
5	8	0	0	0	0	0	0	0.192504	0	0	0	0	0	0.125863	0	0.10313	0	0	0	0	0	0	0	0.27314	0	0	0	0	0.0559454	0	0	0	0	0	0	0	0	0	0	0.249418	0	0	0	0	0	0	0.222197	0	0	0	0	0.319011	0	0	0	0	0	0	0	0	0.303034	0	0	0	0	0	0	0	0	0	0	0	0	0	0	0	0	0	0	0	0.155758
9	5	0.174141	0	0	0	0	0	0	0	0	0	0	0	0	0	0	0	0	0	0.22692	0	0	0	0.233923	0.251534	0	0	0	0.0498886	0	0	0	0	0	0.0635946	0	0	0	0	0	0	0	0	0	0	0	0	0	0	0.15739	0	0	0	0	0	0	0	0	0	0	0	0	0	0	0.485728	0	0	0	0	0	0	0	0	0	0	0	0	0.356882	0	0	0
10	5	0	0	0	0	0	0	0.239062	0	0.0970786	0	0	0	0	0	0	0	0	0.220905	0	0	0	0	0	0.23573	0	0.207224	0	0	0	0	0	0	0	0	0	0	0	0	0	0	0	0.119992	0	0.401663	0	0	0	0	0	0	0	0	0	0	0	0	0	0	0	0	0	0	0	0	0	0	0	0	0.0487178	0	0	0	0	0	0	0	0.429627	0	0	0
8	6	0	0	0	0	0.345007	0.222792	0	0	0	0	0.357509	0	0	0	0	0	0	0	0	0	0	0	0	0	0	0	0	0	0	0	0	0.0746918	0	0	0	0	0	0	0	0	0	0	0	0	0	0	0	0	0	0	0	0	0	0	0	0	0	0	0	0	0	0.463712	0.536288	0	0	0	0	0	0	0	0	0	0	0	0	0	0	0	0	0
8	9	0	0	0	0	0	0.146676	0	0.274029	0	0	0	0	0.24689	0	0	0	0	0	0	0	0	0	0	0	0	0	0	0	0	0	0	0	0	0.0382367	0	0	0	0	0.294169	0	0.269353	0	0	0	0	0	0	0	0	0	0	0	0.170281	0	0.119141	0	0	0	0	0	0	0	0	0	0	0	0	0	0	0	0	0	0.214636	0	0	0	0	0.138603	0	0.0879852
9	10	0	0	0	0	0	0	0	0	0.213299	0	0	0	0.386047	0	0	0	0	0	0	0	0	0	0	0	0	0	0	0	0	0	0	0	0	0	0.400655	0	0	0	0	0	0	0	0	0	0	0	0	0	0.143313	0	0	0	0	0	0	0	0	0	0	0	0	0	0	0	0	0	0	0	0	0	0	0	0	0	0	0	0.285305	0	0.389249	0.182133
