imp	exp	"SITC0_1"	"SITC0_2"	"SITC0_3"	"SITC0_4"	"SITC0_5"	"SITC0_6"	"SITC0_7"	"SITC0_8"	"SITC0_9"	"SITC0_10"	"SITC0_11"	"SITC0_12"	"SITC0_13"	"SITC0_14"	"SITC0_15"	"SITC0_16"	"SITC0_17"	"SITC0_18"	"SITC0_19"	"SITC0_20"	"SITC0_21"	"SITC0_22"	"SITC0_23"	"SITC0_24"	"SITC0_25"	"SITC0_26"	"SITC0_27"	"SITC0_28"	"SITC0_29"	"SITC0_30"	"SITC0_31"	"SITC0_32"	"SITC0_33"	"SITC0_34"	"SITC0_35"	"SITC0_36"	"SITC0_37"	"SITC0_38"	"SITC0_39"	"SITC0_40"	"SITC0_1"	"SITC0_2"	"SITC0_3"	"SITC0_4"	"SITC0_5"	"SITC0_6"	"SITC0_7"	"SITC0_8"	"SITC0_9"	"SITC0_10"	"SITC0_11"	"SITC0_12"	"SITC0_13"	"SITC0_14"	"SITC0_15"	"SITC0_16"	"SITC0_17"	"SITC0_18"	"SITC0_19"	"SITC0_20"	"SITC0_21"	"SITC0_22"	"SITC0_23"	"SITC0_24"	"SITC0_25"	"SITC0_26"	"SITC0_27"	"SITC0_28"	"SITC0_29"	"SITC0_30"	"SITC0_31"	"SITC0_32"	"SITC0_33"	"SITC0_34"	"SITC0_35"	"SITC0_36"	"SITC0_37"	"SITC0_38"	"SITC0_39"	"SITC0_40"
3	1	0	0.102122	0.0977152	0	0	0	0.020583	0	0	0	0.0623956	0	0	0	0	0.0614184	0.100494	0	0	0	0.00181746	0	0.0806181	0	0.0408538	0	0	0.0677944	0	0	0.0939164	0	0.0443041	0.0994427	0	0.098756	0	0	0.0277694	0	0.0621696	0	0	0	0	0	0	0	0.0101868	0	0.0675789	0	0	0.0521559	0.0633021	0.0664708	0	0	0	0	0.00193206	0	0	0.0708125	0	0	0	0	0.0739853	0.114546	0.101606	0	0.0479528	0.107642	0.0528131	0.106846	0	0	0	0
1	4	0.0625544	0	0	0	0	0.0900919	0	0	0	0	0	0	0	0.0524458	0.0637078	0.0668692	0	0	0	0	0.00195454	0.108234	0.0877724	0	0	0.0402261	0	0.0738034	0	0.115257	0.102197	0	0	0	0	0	0.00322707	0.0402854	0	0.0913744	0	0	0.106857	0	0	0.0905041	0	0	0.0102764	0.0602151	0	0	0.0298346	0.0527016	0.0639941	0	0	0	0.00478433	0.0118208	0.0019516	0	0.0881763	0	0.0446887	0	0	0.0741496	0	0.115755	0	0	0.0484851	0.108777	0.0534098	0	0.00326494	0	0.030354	0
1	5	0	0.120628	0	0	0	0.0976962	0	0	0	0	0	0	0	0	0.0690492	0.0724905	0.118611	0	0.00518948	0	0	0.117377	0	0	0.0482374	0	0	0.0800729	0.0807332	0	0	0	0.0522855	0	0.0576512	0	0.00350131	0.0436712	0.0328058	0	0	0.113945	0	0	0	0.0922954	0	0	0	0	0	0	0	0.0537319	0	0.0684807	0	0	0.00486746	0	0.00204651	0	0.0898953	0	0	0	0	0.0756405	0.0762637	0.118056	0	0	0.0494134	0.11092	0	0.110145	0.00333948	0	0.0309593	0
10	1	0	0	0	0.171777	0	0	0.0344779	0	0	0	0	0.1244	0	0.080783	0	0.102936	0	0	0.00731435	0	0	0	0	0	0	0	0	0.113649	0	0.177441	0	0	0	0	0	0	0	0	0.0465122	0.14071	0.0498213	0.0885439	0	0.0888435	0.0282759	0.0717541	0.017835	0	0	0	0.0541178	0.0643387	0	0	0.0507135	0.0532548	0.0871293	0	0	0	0.00155569	0	0	0	0.0354236	0	0	0.058785	0.0593139	0.091784	0	0.0601055	0.0384045	0	0	0	0	0	0	0
4	2	0	0.133943	0.128174	0	0	0.108579	0	0	0	0	0	0	0	0.0632228	0.0767385	0	0.131787	0	0	0.0142198	0	0	0	0	0	0	0	0	0.0896997	0	0.12319	0	0	0.130446	0	0	0	0	0	0	0	0	0.115799	0	0.038608	0	0	0	0	0.0652199	0.0739493	0.0879388	0	0.0570833	0.0693306	0.0727588	0	0.0221744	0.00518298	0	0.00215501	0	0.0954997	0	0	0.0437847	0	0	0.0810864	0	0	0	0.0524858	0	0	0.116944	0	0	0	0
2	7	0	0	0.139605	0.14642	0	0	0.0293827	0.015798	0.0134562	0.0786016	0	0	0	0	0.083562	0	0	0	0.00622815	0	0.0025969	0	0	0.0934646	0.0583716	0	0	0	0	0	0	0.0990046	0	0	0.0697242	0	0.00422635	0	0.039659	0.1199	0	0	0	0.163791	0	0	0	0.0177064	0	0	0.0997419	0.118589	0.0435575	0	0	0.0981556	0	0	0.00698512	0	0	0.158891	0.128859	0	0	0	0	0	0	0	0	0	0	0.158967	0	0	0.00475652	0	0	0
2	8	0.0995824	0	0.169379	0	0	0	0	0	0	0	0	0	0	0.083513	0	0	0.174177	0.0324671	0.00763635	0.0187478	0	0	0	0	0	0	0	0	0.118483	0	0	0	0.0767967	0	0	0.171122	0	0	0.0480944	0	0	0	0	0	0	0	0	0	0.0174505	0.102319	0	0	0	0.0895863	0	0	0.186792	0	0.00811602	0	0.00344849	0	0	0	0.0759287	0	0.0659271	0.126071	0	0	0	0	0.0823252	0.184844	0	0	0.00562282	0	0.0515685	0
5	3	0.0826424	0	0	0	0	0.11897	0.0295688	0	0	0	0.0897545	0	0	0.0692754	0	0	0	0	0.00627318	0	0	0.142903	0	0	0.0587394	0	0.0509643	0	0	0.152207	0.134996	0	0.0637071	0	0	0	0	0	0	0	0.067088	0	0	0.119592	0.0380533	0	0	0.0129119	0	0	0.0728418	0	0	0.0562206	0	0	0	0.0218793	0	0.0126439	0	0	0	0.0763321	0	0	0	0.0791303	0	0.123549	0.109588	0	0.0517246	0	0	0.115238	0	0.0432065	0	0
3	6	0.0175195	0.0154522	0.0269105	0.00542377	0.0137982	0.00780551	0.00594215	0.0252784	0.0542956	0.0532993	0.0443921	0.030684	0.0260778	0.0129645	0.0140146	0.0333287	0	0.0422382	0.0312088	0.00688681	0.00972158	0.00946877	0.0547319	0.0030555	0.0341656	0.00712883	0.0289532	0.0116986	0.0288343	0.0222955	0.033198	0.0509911	0.0329242	0.0452118	0.0427808	0.03421	0.0302575	0.0169532	0.00831143	0.0275875	0.018267	0.0161106	0.0280602	0.00565519	0.0143863	0.00813867	0.00619483	0.0263587	0.056612	0.0555745	0.0462857	0.0319931	0.027191	0.0135175	0.0146125	0.03475	0.0161555	0.0440405	0.0325406	0.00718195	0.0101366	0.00987282	0.0570677	0.00318566	0.0356236	0.00743318	0.030189	0.0121986	0	0.023246	0.0346153	0.053166	0.0343287	0.0471426	0.0446078	0.0356697	0.0315481	0.0176771	0.00866545	0
3	7	0	0.098696	0.0943878	0	0.0314968	0.0799421	0.0198588	0	0	0.0531809	0	0	0.0263253	0	0	0	0	0	0	0	0.00176791	0.0960218	0	0.0632209	0	0.0357387	0	0.0655057	0.0660565	0	0.0907016	0	0	0.0960459	0	0	0	0	0	0.0810534	0	0	0	0	0	0	0	0	0	0	0.120192	0	0	0	0	0	0	0.0360619	0.00840298	0	0	0	0	0	0	0	0	0.130533	0.131669	0.203805	0	0	0.0852776	0	0.0939867	0.190071	0	0	0	0
3	8	0	0	0.095477	0	0	0.0808901	0.0200996	0	0	0.0537956	0.0610096	0.0725115	0	0	0	0	0	0.0183065	0.00424788	0	0	0	0.0788191	0	0.0399551	0.0361114	0	0.0662513	0.066817	0	0	0	0	0.0971712	0	0.0965031	0.00291274	0	0.0270999	0.0820212	0.0516884	0.0919137	0.087922	0	0.0293347	0.0744735	0	0	0	0	0.0561716	0	0.0245212	0	0.0526426	0.0552602	0	0.0168076	0	0	0	0	0	0	0	0	0	0.0610015	0.0615313	0.0952837	0.0844742	0	0.0398275	0.089498	0	0	0.00267528	0	0.0249732	0
3	10	0.0680684	0	0	0	0	0.0980966	0.0243763	0	0	0.0652501	0	0.087962	0	0.0571106	0	0.0728086	0	0	0	0	0.00212818	0	0	0.0775278	0.04846	0	0	0.0803863	0.0810639	0.125462	0.111299	0	0	0	0	0	0	0	0	0	0.0581347	0.103325	0	0	0	0	0	0.0112046	0	0	0	0.0750757	0	0.0487396	0.059165	0	0.101639	0.0189669	0.00439767	0	0	0	0	0.0661783	0	0	0.0358819	0.0685893	0.0691925	0.107085	0.0949773	0	0	0	0.0493733	0	0	0	0.0280744	0
6	4	0	0	0	0	0.056099	0	0	0	0	0	0	0.127818	0.0468922	0.0829551	0	0	0	0	0.00749908	0.0186049	0	0	0	0	0	0.0636532	0.0610721	0	0.117775	0	0	0	0.0763459	0.171248	0	0.170037	0	0	0	0	0	0	0	0	0.0324278	0.0823156	0.0204696	0.0109958	0.00936974	0	0.0621054	0	0	0.0479091	0	0.0610708	0	0	0.00435299	0.0107854	0	0.098859	0	0	0.0406285	0.0367626	0	0.0674464	0.0680248	0.105283	0	0	0.0440745	0.0989229	0	0.0981962	0	0	0	0
4	8	0	0	0.105165	0	0	0.0890726	0	0	0	0	0	0	0.0293371	0	0.0629598	0.0660764	0	0	0	0	0.00193731	0.106986	0.086801	0.0704282	0.0440057	0	0	0.0729993	0	0	0	0	0.0476801	0.107074	0	0.106272	0.00320559	0	0	0	0.0669307	0	0.113893	0	0	0.0964034	0	0	0	0.0641496	0.072714	0	0.0317758	0	0.0681565	0	0	0	0.00509468	0	0.0021128	0	0	0	0.0476146	0	0	0.0790161	0	0.123332	0.109407	0	0	0.11589	0	0	0.00351031	0	0	0
4	10	0.0818333	0	0	0	0.0463931	0.117782	0	0	0	0.0783905	0	0.105582	0.0388269	0.0685833	0	0	0	0	0	0	0.00256236	0.141502	0	0	0.0582062	0.052629	0	0	0	0	0	0.0986807	0	0	0.0694862	0	0	0	0.0395415	0	0	0.138828	0	0.139337	0.0443568	0	0	0.0150463	0	0	0.0848586	0	0	0.0654796	0	0	0	0.025398	0.00592784	0	0.00246952	0	0	0	0	0	0	0.0922201	0	0	0	0	0	0.135204	0.066348	0.13422	0	0.0503071	0	0
6	5	0	0.0918182	0.0878578	0.0921241	0	0	0	0.00996653	0.00844507	0.0494738	0	0.0667044	0.0244973	0.0433109	0.0525921	0	0	0	0	0	0	0	0	0.0588006	0.0367477	0	0.0318821	0	0	0.095154	0	0	0.039821	0	0.0438833	0.0887645	0.00271273	0	0	0.075444	0	0.130432	0	0	0.0416093	0.105691	0.0262395	0	0	0	0.0797385	0	0.034836	0	0	0.0784218	0.128341	0.0238951	0	0	0	0	0	0	0	0.0472186	0	0	0	0	0.119948	0	0.0565969	0.127033	0	0	0	0	0	0
7	5	0	0	0	0	0	0.166463	0	0	0	0.11073	0	0	0	0.0969149	0.117702	0.123465	0.202162	0.0376765	0	0	0	0	0	0	0	0	0	0	0	0	0	0	0.0890683	0	0	0	0	0	0.0558188	0	0	0	0	0.138672	0	0.111971	0.0278224	0	0	0.0744636	0.08449	0	0.0368685	0.0652125	0	0	0	0.0253289	0	0.0146337	0	0	0	0	0	0	0	0.0917517	0.0925651	0	0	0	0.0599836	0.134627	0	0	0.00403897	0	0.037571	0
5	10	0.066005	0	0	0	0.0374399	0.0950991	0	0.0127389	0	0	0.0717171	0.0852537	0.0313184	0.0553553	0	0.0705731	0	0	0	0	0	0	0	0	0.0469819	0	0	0.0779406	0	0	0	0	0.0509166	0.114239	0.056076	0	0	0	0.0318866	0.0964585	0.0520382	0	0.0885098	0	0	0	0.0186232	0.0100325	0.0085284	0.0498306	0	0	0.0246744	0.0436387	0.0529879	0.0556008	0.0909635	0	0.00396478	0	0.0016204	0.0900029	0	0	0	0	0.0321267	0.0614238	0	0.095861	0	0	0.0400928	0.0900603	0	0.0894193	0	0	0	0
6	7	0	0	0.127021	0	0	0.107548	0.0267306	0	0	0	0	0.0964695	0	0.0625924	0.0760418	0	0.130534	0	0	0.0140551	0.00234823	0	0	0	0.0530938	0.0480639	0	0	0.0888792	0	0	0	0.0575604	0	0	0	0	0	0	0.109062	0.0890025	0.158169	0	0	0.0504937	0	0	0	0.0145348	0	0	0	0.0422087	0	0	0	0	0	0	0	0	0.153932	0.124853	0	0.0633139	0	0.054919	0	0	0	0	0	0	0	0.075629	0	0	0	0.0429393	0.130004
9	8	0.0602953	0	0	0	0	0	0	0	0	0	0	0.077876	0.0285882	0.050543	0	0	0.105417	0	0	0	0	0	0	0	0.0428552	0.0387924	0	0	0	0.111072	0.0985064	0	0	0.104344	0.0511951	0.10359	0	0.0388478	0	0.0880778	0	0	0	0	0	0.121195	0	0	0	0.0806152	0	0.108665	0	0	0	0	0	0	0.00639744	0	0	0.145529	0	0	0.059826	0	0	0	0	0.155021	0	0	0	0.145627	0	0	0	0.0541967	0	0.122927
10	8	0	0	0	0	0.0896049	0	0	0	0.0258587	0	0.17155	0.204008	0	0	0	0.168848	0	0.0514774	0	0	0.00501619	0	0	0	0	0.10166	0.0974687	0	0	0	0	0	0	0	0	0	0.00820036	0	0.0763082	0	0	0.112279	0.107422	0.112674	0	0	0	0.0121895	0	0	0	0	0	0.0529628	0	0.0675351	0.110447	0	0	0	0	0	0	0	0	0.0406151	0	0	0.075186	0	0	0.0762003	0.0486729	0.109327	0	0	0.00329591	0.0407005	0.0304927	0
